110001010101101100101010100101010100000111010101101011100110110010101110010110110100101010101101001001010011100110001010010101001010101010010000101110110110101010100101001
010101011011001010101001010101000001110101011010111001101100101011100101101101001010101011111101001001010011100110001010010101001010101010010000101110110110101010100101001
110001010101101001010101001010101000001110101011010111001101100101011100101101101001           0110100100101001110011000101001010100101010101001000010111011011010101010010
010101011011001010101001010101000001110101011010111001101100101011100101101101001010  1111101  1111110100100101001110011000101001010100101010101001000010111011011010101010
11000101010110100101010100101010100000111010101101011100110110010101110010110110100  111110101  011111011010010010100111001100010100101010010101010100100001011101101101010
01010101101100101010100101010100000111010101101011100110110010101110010110110100101  011110101  111110100100101001110011000101001010100101010101001000010111011011010101010
11000101010110100101010100101010100000111010101101011100110110010101110010110110100  111110101  011110110100100101001110011000101001010100101010101001000010111011011010101
11000101010110100101010100101010100000111010101101011100110110010101110010110110100  111101010  111101101001001010011100110001010010101001010101010010000101110110110101010
01010101101100101010100101010100000111010101101011100110110010101110010110110100101  011110101  111110100100101001110011000101001010100101010101001000010111011011010101010
11000101010110100101010100101010100000111010101101011100110110010101110010110110100  111111010  111101101001001010011100110001010010101001010101010010000101110110110101010
01010101101100101010100101010100000111010101101011100110110010101110010110110100101  010101101  010010100111001100010100101010010101010100100001011101101101010101001010011
11000101010110100101010100101010100000111010101101011100110110010101110010110110100  101010101  101001001010011100110001010010101001010101010010000101110110110101010100101
11000101010110110010101010010101010000011101010110101110011011001010111001011011010  010101010  110100100101001110011000101001010100101010101001000010111011011010101010010
01010101101100101010100101010100000111010101101011100110110010101110010110110100101  101011010  010010100111001100010100101010010101010100100001011101101101010101001010011
1100010101011010010101010010101010000011101010110101110011011001010      11      11  111001011  100     10   11110101011010010010100111001100010100101010010101010100100001
0101010110110010101010010101010000011101010110101110011011010100101    0111  101101  100101010101101  10011           00010100101010010101010100100001011101101101010101001
1100010101011010010101010010101010000011101010110101110011001011    100101011101011010010101010110100100101   001110   0110001010010101001010101010010000101110110110101010
010101011011001010101001010101000001110101011010111001101100111    00101011111011010010101010110100100101001  110011   0001010010101001010101010010000101110110110101010100
110001010101101001010101001010101000001110101011010111001010110    1100111001011011010010101010110100100110  1001110   0110001010010101001010101010010000101110110110101010
110001010101101001010101001010101000001110101011010111001100110    110011100101101101001010101011010010010  1001110   01100010100101010010101010100100001011101101101010101
0101010110110010101010010101010000011101010110101110011010110110    01010010110110100101010101101001001010011100    1100010100101010010101010100100001011101101101010101001
11000101010110100101010100101010100000111010101101011101110011011    0010100101101101001010101011010010010100     111001100010100101010010101010100100001011101101101010101
01010101101100101010100101010100000111010101101011101011001101100101    01111101101001010101011010010010100     11100110001010010101001010101010010000101110110110101010100
11000101010110100101010100101010100000111010101101011100110111010001    01011111011010010101010110100100     10100111001100010100101010010101010100100001011101101101010101
1100010101011011001010101001010101000001110101011010111001101101010010                                      101110010110110100101010101101001001010011100110001010010101001
010101011011001010101001010101000001110101011010111001101100101011100101101101001010101011010010010100111001100010100101010010101010100100001011101101101010101001010011100
110001010101101001010101001010101000001110101011010111001101100101011100101101101001010101011010010010100111001100010100101010010101010100100001011101101101010101001010011
010101011011001010101001010101000001110101011010111001101100101011100101101101001010101011010010010100111001100010100101010010101010100100001011101101101010101001010011100
110001010101101001010101001010101000001110101011010111001101100101011100101101101001010101011010010010100111001100010100101010010101010100100001011101101101010101001010011
010101011011001010101001010101000001110101011010111001101100101011100101101101001010101011010010010100111001100010100101010010101010100100001011101101101010101001010011100
110001010101101001010101001010101000001110101011010111001101100101011100101101101001010101011010010010100111001100010100101010010101010100100001011101101101010101001010011
110001010101101001010101001010101000001110101011010111001101100101011100101101101001010101011010010010100111001100010100101010010101010100100001011101101101010101001010110
010101011011001010101001010101000001110101011010111001101100101011100101101101001010101011010010010100111001100010100101010010101010100100001011101101101010101001010011100
110001010101101001010101001010101000001110101011010111001101100101011100101101101001010101011010010010100111001100010100101010010101010100100001011101101101010101001010101
010101011011001010101001010101000001110101011010111001101100101011100101101101001010101011010010010100111001100010100101010010101010100100001011101101101010101001010011100
110001010101101001010101001010101000001110101011010111001101100101011100101101101001010101011010010010100111001100010100101010010101010100100001011101101101010101001010011
